21 0.549913 0.318015 0.170522 0.385717
21 0.547204 0.305416 0.174836 0.376823
21 0.547154 0.305166 0.17502 0.377315
21 0.545905 0.306411 0.178701 0.376995
21 0.545727 0.307378 0.178348 0.378883
21 0.545819 0.308173 0.178308 0.384308
21 0.545876 0.308444 0.178246 0.385339
21 0.545678 0.306852 0.178634 0.380966
21 0.545537 0.307263 0.17932 0.379975
21 0.545753 0.307215 0.179125 0.380063
15 0.546965 0.320054 0.185315 0.371615
15 0.550427 0.312402 0.174591 0.358041
21 0.55196 0.3118 0.168612 0.376207
21 0.554912 0.313927 0.164184 0.375291
21 0.554982 0.313934 0.163983 0.376123
21 0.555779 0.310255 0.166047 0.381711
21 0.555956 0.310289 0.166167 0.381409
21 0.554708 0.310027 0.168151 0.385094
21 0.555753 0.31361 0.163221 0.380738
21 0.555672 0.314821 0.16273 0.384418
15 0.407344 0.540951 0.328629 0.888549
15 0.407719 0.54125 0.327544 0.888542
15 0.40595 0.53894 0.33186 0.89293
15 0.406314 0.53881 0.33123 0.892753
15 0.40586 0.538162 0.331533 0.896203
15 0.405306 0.538585 0.331974 0.895496
15 0.405603 0.538105 0.332694 0.896619
15 0.405559 0.537787 0.332926 0.897016
15 0.405207 0.537364 0.333419 0.895974
15 0.404957 0.534398 0.331916 0.902638
15 0.40499 0.534181 0.331923 0.902959
15 0.405515 0.53347 0.330453 0.905432
15 0.40656 0.530757 0.333077 0.908777
15 0.406272 0.531171 0.333151 0.908621
15 0.392216 0.542471 0.36254 0.87691
15 0.392182 0.542208 0.362436 0.877298
15 0.375045 0.545893 0.392664 0.873739
15 0.374952 0.545818 0.392521 0.874044
15 0.373304 0.544713 0.397527 0.879166
15 0.373459 0.548434 0.398085 0.872187
15 0.373422 0.548428 0.398042 0.87218
15 0.373937 0.551731 0.398363 0.866013
15 0.373934 0.552026 0.398403 0.865319
15 0.37471 0.553061 0.399142 0.863947
15 0.374736 0.552386 0.399082 0.865254
15 0.374864 0.55267 0.399251 0.864749
15 0.375647 0.554123 0.402818 0.861551
15 0.375741 0.554195 0.402851 0.861372
15 0.364306 0.55684 0.422986 0.850591
15 0.368108 0.552359 0.428144 0.857119
15 0.368187 0.550832 0.428959 0.858321
15 0.364042 0.552815 0.443293 0.863317
15 0.364226 0.552534 0.442486 0.863796
15 0.359354 0.555361 0.482579 0.857653
15 0.361426 0.54947 0.48168 0.863108
15 0.361466 0.548814 0.481967 0.86435
15 0.356956 0.550888 0.48363 0.865036
15 0.356853 0.550075 0.486731 0.86676
15 0.35303 0.553191 0.476764 0.862853
15 0.35267 0.553223 0.474317 0.862753
15 0.358575 0.554206 0.475308 0.856342
15 0.358509 0.554103 0.47558 0.856664
15 0.356366 0.556117 0.479249 0.852288
15 0.359148 0.557678 0.468666 0.851208
15 0.359902 0.55807 0.466305 0.850562
15 0.363932 0.559014 0.47525 0.848673
15 0.363961 0.558213 0.476093 0.850397
15 0.357121 0.553632 0.467323 0.85653
15 0.349145 0.554743 0.48473 0.855703
15 0.338888 0.762949 0.461979 0.444724
15 0.349077 0.553613 0.484034 0.858192
15 0.33886 0.762989 0.462233 0.444958
15 0.337702 0.763562 0.459569 0.446094
15 0.346458 0.55196 0.47916 0.857838
15 0.337652 0.763527 0.460214 0.446042
15 0.346529 0.552857 0.479732 0.856678
15 0.346289 0.551794 0.478883 0.858707
15 0.337171 0.763305 0.460796 0.446715
15 0.347669 0.551066 0.470265 0.863288
15 0.34085 0.764306 0.454252 0.446313
15 0.347577 0.551455 0.470461 0.86268
15 0.340822 0.764301 0.454458 0.446392
15 0.350625 0.554733 0.463465 0.859944
15 0.350762 0.554329 0.463006 0.860452
15 0.36444 0.550911 0.438145 0.853894
15 0.378399 0.550978 0.455268 0.839492
15 0.378433 0.550884 0.454664 0.839185
15 0.391744 0.549862 0.439853 0.829282
15 0.391594 0.550404 0.439685 0.830689
15 0.418987 0.527051 0.476697 0.797278
15 0.441743 0.540098 0.493002 0.849195
15 0.44207 0.540815 0.493067 0.85034
15 0.453556 0.526955 0.506995 0.840618
15 0.454479 0.531607 0.507891 0.845483
15 0.485311 0.527416 0.570619 0.846839
15 0.49487 0.51462 0.587083 0.888395
15 0.495012 0.514011 0.586942 0.887504
15 0.503474 0.506824 0.603655 0.88142
15 0.503511 0.508031 0.604017 0.881894
15 0.499304 0.503288 0.596134 0.884155
15 0.498605 0.502264 0.591622 0.888809
15 0.498286 0.502085 0.59098 0.888355
15 0.507457 0.501494 0.553605 0.88164
15 0.507609 0.501302 0.553536 0.881871
15 0.508126 0.519671 0.548957 0.854703
15 0.502464 0.528072 0.556768 0.84502
15 0.512572 0.529748 0.561092 0.835547
15 0.511937 0.529684 0.560556 0.835596
15 0.522514 0.519902 0.561376 0.838941
15 0.522476 0.519296 0.574606 0.854835
15 0.523252 0.516563 0.573435 0.849664
15 0.526363 0.528545 0.580341 0.870452
15 0.526947 0.529783 0.579963 0.874466
15 0.523887 0.530922 0.574193 0.875039
15 0.525107 0.530376 0.577472 0.875196
15 0.524936 0.529929 0.577107 0.874688
15 0.522805 0.52965 0.572522 0.87824
15 0.523237 0.529119 0.57316 0.877344
15 0.52294 0.524076 0.573071 0.878483
15 0.521181 0.525067 0.57006 0.885827
15 0.520944 0.525687 0.569411 0.884774
15 0.522185 0.528415 0.569084 0.879583
15 0.522282 0.528239 0.569121 0.87904
15 0.523506 0.524745 0.571798 0.876272
15 0.524245 0.525394 0.57351 0.878974
15 0.524103 0.52641 0.573662 0.880599
15 0.521584 0.526814 0.571401 0.868311
15 0.521672 0.526562 0.571446 0.867968
15 0.5239 0.525774 0.575796 0.867915
15 0.525117 0.527484 0.577677 0.873763
15 0.525566 0.527409 0.577837 0.873227
15 0.517798 0.529597 0.590288 0.876489
15 0.517623 0.529318 0.591345 0.87606
15 0.514971 0.556653 0.565125 0.836087
15 0.514714 0.557517 0.56468 0.835043
21 0.377876 0.511813 0.457844 0.75353
21 0.377609 0.511803 0.45778 0.753911
21 0.373565 0.509254 0.452416 0.747046
21 0.374021 0.507223 0.450777 0.740455
21 0.374879 0.50653 0.450685 0.739001
21 0.371936 0.504627 0.440627 0.734679
21 0.371782 0.505463 0.439324 0.733031
21 0.370267 0.507552 0.445778 0.746636
21 0.383031 0.476632 0.457357 0.801336
21 0.383352 0.480541 0.460491 0.795421
21 0.376655 0.498826 0.446992 0.758859
21 0.37701 0.49943 0.447521 0.758454
21 0.378868 0.494946 0.447777 0.763422
21 0.377272 0.50265 0.446935 0.74318
21 0.377368 0.502557 0.445008 0.742562
21 0.374562 0.498351 0.447083 0.76234
21 0.375366 0.498775 0.450987 0.752904
21 0.382029 0.503791 0.466371 0.747567
21 0.382156 0.507022 0.456033 0.745456
21 0.382101 0.506996 0.45806 0.747832
21 0.384847 0.503797 0.463745 0.751211
21 0.386141 0.502913 0.470219 0.754356
21 0.382828 0.494451 0.47284 0.770988
21 0.379167 0.50614 0.459643 0.755863
21 0.378668 0.506058 0.459055 0.755187
21 0.37229 0.501463 0.449706 0.755272
21 0.372714 0.501212 0.450065 0.755183
15 0.384507 0.515665 0.433277 0.77962
15 0.384332 0.514938 0.433251 0.781106
15 0.3966 0.52614 0.393081 0.766979
15 0.395686 0.528183 0.39224 0.77085
15 0.380045 0.510542 0.400834 0.761779
15 0.396445 0.501348 0.38409 0.740772
15 0.39511 0.5019 0.387606 0.742957
47 0.539066 0.23263 0.149908 0.17975
