21 0.549913 0.318015 0.170522 0.385717
21 0.547204 0.305416 0.174836 0.376823
21 0.547154 0.305166 0.17502 0.377315
21 0.545905 0.306411 0.178701 0.376995
21 0.545727 0.307378 0.178348 0.378883
21 0.545819 0.308173 0.178308 0.384308
21 0.545876 0.308444 0.178246 0.385339
21 0.545678 0.306852 0.178634 0.380966
21 0.545537 0.307263 0.17932 0.379975
21 0.545753 0.307215 0.179125 0.380063
15 0.546965 0.320054 0.185315 0.371615
15 0.550427 0.312402 0.174591 0.358041
21 0.55196 0.3118 0.168612 0.376207
21 0.554912 0.313927 0.164184 0.375291
21 0.554982 0.313934 0.163983 0.376123
21 0.555779 0.310255 0.166047 0.381711
21 0.555956 0.310289 0.166167 0.381409
21 0.554708 0.310027 0.168151 0.385094
21 0.555753 0.31361 0.163221 0.380738
21 0.555672 0.314821 0.16273 0.384418
15 0.407344 0.540951 0.328629 0.888549
15 0.407719 0.54125 0.327544 0.888542
15 0.40595 0.53894 0.33186 0.89293
15 0.406314 0.53881 0.33123 0.892753
15 0.40586 0.538162 0.331533 0.896203
15 0.405306 0.538585 0.331974 0.895496
15 0.405603 0.538105 0.332694 0.896619
15 0.405559 0.537787 0.332926 0.897016
15 0.405207 0.537364 0.333419 0.895974
15 0.404957 0.534398 0.331916 0.902638
15 0.40499 0.534181 0.331923 0.902959
15 0.405515 0.53347 0.330453 0.905432
15 0.40656 0.530757 0.333077 0.908777
15 0.406272 0.531171 0.333151 0.908621
15 0.392216 0.542471 0.36254 0.87691
15 0.392182 0.542208 0.362436 0.877298
15 0.375045 0.545893 0.392664 0.873739
15 0.374952 0.545818 0.392521 0.874044
15 0.373304 0.544713 0.397527 0.879166
15 0.373459 0.548434 0.398085 0.872187
15 0.373422 0.548428 0.398042 0.87218
15 0.373937 0.551731 0.398363 0.866013
15 0.373934 0.552026 0.398403 0.865319
15 0.37471 0.553061 0.399142 0.863947
15 0.374736 0.552386 0.399082 0.865254
15 0.374864 0.55267 0.399251 0.864749
15 0.375647 0.554123 0.402818 0.861551
15 0.375741 0.554195 0.402851 0.861372
15 0.364306 0.55684 0.422986 0.850591
15 0.368108 0.552359 0.428144 0.857119
15 0.368187 0.550832 0.428959 0.858321
15 0.364042 0.552815 0.443293 0.863317
15 0.364226 0.552534 0.442486 0.863796
15 0.359354 0.555361 0.482579 0.857653
15 0.361426 0.54947 0.48168 0.863108
15 0.361466 0.548814 0.481967 0.86435
15 0.356956 0.550888 0.48363 0.865036
15 0.356853 0.550075 0.486731 0.86676
15 0.35303 0.553191 0.476764 0.862853
15 0.35267 0.553223 0.474317 0.862753
15 0.358575 0.554206 0.475308 0.856342
15 0.358509 0.554103 0.47558 0.856664
15 0.356366 0.556117 0.479249 0.852288
15 0.359148 0.557678 0.468666 0.851208
15 0.359902 0.55807 0.466305 0.850562
15 0.363932 0.559014 0.47525 0.848673
15 0.363961 0.558213 0.476093 0.850397
15 0.357121 0.553632 0.467323 0.85653
15 0.349145 0.554743 0.48473 0.855703
15 0.338888 0.762949 0.461979 0.444724
15 0.349077 0.553613 0.484034 0.858192
15 0.33886 0.762989 0.462233 0.444958
15 0.337702 0.763562 0.459569 0.446094
15 0.346458 0.55196 0.47916 0.857838
15 0.337652 0.763527 0.460214 0.446042
15 0.346529 0.552857 0.479732 0.856678
15 0.346289 0.551794 0.478883 0.858707
15 0.337171 0.763305 0.460796 0.446715
15 0.347669 0.551066 0.470265 0.863288
15 0.34085 0.764306 0.454252 0.446313
15 0.347577 0.551455 0.470461 0.86268
15 0.340822 0.764301 0.454458 0.446392
15 0.350625 0.554733 0.463465 0.859944
15 0.350762 0.554329 0.463006 0.860452
15 0.36444 0.550911 0.438145 0.853894
15 0.378399 0.550978 0.455268 0.839492
15 0.378433 0.550884 0.454664 0.839185
15 0.391744 0.549862 0.439853 0.829282
15 0.391594 0.550404 0.439685 0.830689
15 0.418987 0.527051 0.476697 0.797278
15 0.441743 0.540098 0.493002 0.849195
15 0.44207 0.540815 0.493067 0.85034
15 0.453556 0.526955 0.506995 0.840618
15 0.454479 0.531607 0.507891 0.845483
15 0.485311 0.527416 0.570619 0.846839
15 0.49487 0.51462 0.587083 0.888395
15 0.495012 0.514011 0.586942 0.887504
15 0.503474 0.506824 0.603655 0.88142
15 0.503511 0.508031 0.604017 0.881894
15 0.499304 0.503288 0.596134 0.884155
15 0.498605 0.502264 0.591622 0.888809
